//Taille
2
//parametre de taille
0 1
1 3
//l'intervalle de la temperature pour ferrite
298.15 1811. 2896. 5000. 6000.
//ordre pour Gpower
-9 -3 -2 -1 0 1 2 3 4
//Taille pour GHSERp
5 2 2 10
//matrice GHSERp pour ferrite
//temperature i[Fe/Cr/Mo] j[C/Va] l[l'ordre] valeur
0 0 0 0 -96.4143
0 0 0 1 0
0 0 0 2 3.6e10
0 0 0 3 -7.929e8
0 0 0 4 7765159
0 0 0 5 271170.377  
0 0 0 6 711.991
0 0 0 7 -0.00581442
0 0 0 8 -5.8927e-8
0 0 0 9 0
1 0 0 0 -118.9
1 0 0 1 2.29603e31
1 0 0 2 3.6e10
1 0 0 3 -7.929e8
1 0 0 4 7687800
1 0 0 5 244561.096
1 0 0 6 887.16955
1 0 0 7 -14.169e-4
1 0 0 8 0
1 0 0 9 0
2 0 0 0 -118.9
2 0 0 1 2.29603e31
2 0 0 2 3.6e10
2 0 0 3 -7.929e8
2 0 0 4 7687800
2 0 0 5 244561.096
2 0 0 6 887.16955
2 0 0 7 -14.169e-4
2 0 0 8 0
2 0 0 9 0
3 0 0 0 -118.9
3 0 0 1 2.29603e31
3 0 0 2 3.6e10
3 0 0 3 -7.929e8
3 0 0 4 7687800
3 0 0 5 244561.096
3 0 0 6 887.16955
3 0 0 7 -14.169e-4
3 0 0 8 0
3 0 0 9 0
4 0 0 0 -118.9
4 0 0 1 2.29603e31
4 0 0 2 3.6e10
4 0 0 3 -7.929e8
4 0 0 4 7687800
4 0 0 5 244561.096
4 0 0 6 887.16955
4 0 0 7 -14.169e-4
4 0 0 8 0
4 0 0 9 0
0 0 1 0 -23.5143
0 0 1 1 0
0 0 1 2 0
0 0 1 3 0
0 0 1 4 77359
0 0 1 5 1225.7
0 0 1 6 124.134
0 0 1 7 -0.00439752
0 0 1 8 -5.8927e-8
0 0 1 9 0
1 0 1 0 -46
1 0 1 1 2.29603e31
1 0 1 2 0
1 0 1 3 0
1 0 1 4 0
1 0 1 5 -25383.581
1 0 1 6 299.31255
1 0 1 7 0
1 0 1 8 0
1 0 1 9 0
2 0 1 0 -46
2 0 1 1 2.29603e31
2 0 1 2 0
2 0 1 3 0
2 0 1 4 0
2 0 1 5 -25383.581
2 0 1 6 299.31255
2 0 1 7 0
2 0 1 8 0
2 0 1 9 0
3 0 1 0 -46
3 0 1 1 2.29603e31
3 0 1 2 0
3 0 1 3 0
3 0 1 4 0
3 0 1 5 -25383.581
3 0 1 6 299.31255
3 0 1 7 0
3 0 1 8 0
3 0 1 9 0
4 0 1 0 -46
4 0 1 1 2.29603e31
4 0 1 2 0
4 0 1 3 0
4 0 1 4 0
4 0 1 5 -25383.581
4 0 1 6 299.31255
4 0 1 7 0
4 0 1 8 0
4 0 1 9 0

0 1 0 0 -96.46414
0 1 0 1 0
0 1 0 2 3.59999e10
0 1 0 3 -7.9289999e8
0 1 0 4 7753612
0 1 0 5 271148.375
0 1 0 6 569.1097
0 1 0 7 -0.004860296
0 1 0 8 5.66283e-7
0 1 0 9 -1.30927e-10
1 1 0 0 -96.46414
1 1 0 1 0
1 1 0 2 3.59999e10
1 1 0 3 -7.9289999e8
1 1 0 4 7753612
1 1 0 5 271148.375
1 1 0 6 569.1097
1 1 0 7 -0.004860296
1 1 0 8 5.66283e-7
1 1 0 9 -1.30927e-10

2 1 0 0 -155.53829
2 1 0 1 -4.849315e33
2 1 0 2 3.6e10
2 1 0 3 -7.929e8
2 1 0 4 7687800
2 1 0 5 248338.267
2 1 0 6 720.7497459999
2 1 0 7 -0.0014169
2 1 0 8 0
2 1 0 9 0
3 1 0 0 -72.9
3 1 0 1 0
3 1 0 2 3.6e10
3 1 0 3 -7.928e8
3 1 0 4 7687800
3 1 0 5 278894.677
3 1 0 6 437.189999
3 1 0 7 -0.0014169
3 1 0 8 0
3 1 0 9 0
4 1 0 0 -72.9
4 1 0 1 0
4 1 0 2 3.6e10
4 1 0 3 -7.928e8
4 1 0 4 7687800
4 1 0 5 278894.677
4 1 0 6 437.189999
4 1 0 7 -0.0014169
4 1 0 8 0
4 1 0 9 0

0 1 1 0 -23.56414
0 1 1 1 0
0 1 1 2 0
0 1 1 3 0
0 1 1 4 65812
0 1 1 5 -7746.302
0 1 1 6 131.9197
0 1 1 7 -0.003443396
0 1 1 8 5.66283e-7
0 1 1 9 -1.30927e-10
1 1 1 0 -23.56414
1 1 1 1 0
1 1 1 2 0
1 1 1 3 0
1 1 1 4 65812
1 1 1 5 -7746.302
1 1 1 6 131.9197
1 1 1 7 -0.003443396
1 1 1 8 5.66283e-7
1 1 1 9 -1.30927e-10

2 1 1 0 -42.63829
2 1 1 1 -4.849315e33
2 1 1 2 0
2 1 1 3 0
2 1 1 4 0
2 1 1 5 -30556.41
2 1 1 6 283.559746
2 1 1 7 0
2 1 1 8 0
2 1 1 9 0
3 1 1 0 -42.63829
3 1 1 1 -4.849315e33
3 1 1 2 0
3 1 1 3 0
3 1 1 4 0
3 1 1 5 -30556.41
3 1 1 6 283.559746
3 1 1 7 0
3 1 1 8 0
3 1 1 9 0
4 1 1 0 0
4 1 1 1 0
4 1 1 2 0
4 1 1 3 0
4 1 1 4 0
4 1 1 5 0
4 1 1 6 0
4 1 1 7 0
4 1 1 8 0
4 1 1 9 0
//l'ordre pour L1power
0 1
//Taille pour L1
5 1 2 2 2 3
//matrice L1 pour ferrite (Fe-Mo-C/Va)
//temperature i[Fe/Cr] j[C] k[Va] l[l'ordre] m[l'ordre pour polynom] valeur
0 0 1 1 0 1 36818
0 0 1 1 0 2 -9.141
0 0 1 1 1 1 -362
0 0 1 1 1 2 -5.724
1 0 1 1 0 1 36818
1 0 1 1 0 2 -9.141
1 0 1 1 1 1 -362
1 0 1 1 1 2 -5.724
2 0 1 1 0 1 36818
2 0 1 1 0 2 -9.141
2 0 1 1 1 1 -362
2 0 1 1 1 2 -5.724
3 0 1 1 0 1 36818
3 0 1 1 0 2 -9.141
3 0 1 1 1 1 -362
3 0 1 1 1 2 -5.724
4 0 1 1 0 1 36818
4 0 1 1 0 2 -9.141
4 0 1 1 1 1 -362
4 0 1 1 1 2 -5.724
0 0 1 0 0 1 -1250000
0 0 1 0 0 2 667.7
1 0 1 0 0 1 -1250000
1 0 1 0 0 2 667.7
2 0 1 0 0 1 -1250000
2 0 1 0 0 2 667.7
3 0 1 0 0 1 -1250000
3 0 1 0 0 2 667.7
4 0 1 0 0 1 -1250000
4 0 1 0 0 2 667.7
//l'ordre pour L2power
0 1  
//Taille pour L2
5 1 2 2 1 3
//matrice L2 pour ferrite (C-Va-Fe/Cr)
//temperature i[C/Va] j[Fe] k[Cr] l[l'ordre] m[l'ordre pour polynom] valeur
0 0 1 0 0 2 -190
1 0 1 0 0 2 -190
2 0 1 0 0 2 -190
3 0 1 0 0 2 -190
4 0 1 0 0 2 -190
//l'ordre pour L3power
0 0
//Taille pour L3ini
5 1 1 1 1 1 1
//matrice L3ini pour ferrite (Fe-Cr-Mo-C/Va)
0 0 0 0 0 0 0 0
//l'ordre pour L0power
0
//Taille pour L0
5 1 1 1 1 1 1
//matrice L0 pour ferrite (Fe-Cr-C-Va)
//temperature i[Fe] j[Cr] k[C] l[Va] m[l'ordre] n[l'ordre pour polynom] valeur
0 0 0 0 0 0 0 0
//l'ordre pour TCpower
0
//Taille pour TC
5 1 2 2
//matrice TC pour ferrite
//temperature i[Fe/Cr] j[C/Va] l[l'ordre] valeur
0 0 0 1 1043
1 0 0 1 1043
2 0 0 1 1043
3 0 0 1 1043
4 0 0 1 1043
0 0 1 1 1043
1 0 1 1 1043
2 0 1 1 1043
3 0 1 1 1043
4 0 1 1 1043
//l'ordre pour TC1power
0
//Taille pour TC1
5 1 2 2 2 2
//matrice TC1 pour ferrite (Fe-Cr-Mo-C/Va)
//temperature i[Fe] j[Cr] k[C/Va] l[l'ordre] m[l'ordre pour polynom] valeur
0 0 1 1 0 1 335
0 0 1 1 1 1 526
1 0 1 1 0 1 335
1 0 1 1 1 1 526
2 0 1 1 0 1 335
2 0 1 1 1 1 526
3 0 1 1 0 1 335
3 0 1 1 1 1 526
4 0 1 1 0 1 335
4 0 1 1 1 1 526
0 0 1 0 0 1 335
0 0 1 0 1 1 526
1 0 1 0 0 1 335
1 0 1 0 1 1 526
2 0 1 0 0 1 335
2 0 1 0 1 1 526
3 0 1 0 0 1 335
3 0 1 0 1 1 526
4 0 1 0 0 1 335
4 0 1 0 1 1 526
//l'ordre pour BMAGpower
0
//Taille pour BMAG
5 1 2 2
//matrice BMAG pour ferrite
//temperature i[Fe/Cr/Mo] j[C/Va] l[ordre] valeur
0 0 0 1 2.22
1 0 0 1 2.22
2 0 0 1 2.22
3 0 0 1 2.22
4 0 0 1 2.22
0 0 1 1 2.22
1 0 1 1 2.22
2 0 1 1 2.22
3 0 1 1 2.22
4 0 1 1 2.22
//l'ordre pour BMAG1power
0
//Taille pour BMAG1
5 1 1 1 1 1
//matrice BMAG1 pour ferrite (Fe-Cr-C/Va)
//teperature i[Fe] j[Cr] k[C/Va] l[l'ordre] m[l'ordre pour polynom] valeur
0 0 0 0 0 0 0
//parametre p
0.4 1.
//taille coefficiente pre-exponantial
3
//coeff D0
0 2.2e-4
1 1.48e-2
2 16.e-5
//taille Q
3
//coeff Q
0 1.225e5
1 2.826e5
2 2.4e5
