//Taille
2
//parametre de taille
0 1
1 3
//l'intervalle de la temperature pour ferrite
298.15 1728.00 1811.00 3000.00 6000.00
//ordre pour Gpower
-9 -3 -2 -1 0 1 2 3
//Taille pour GHSERp
5 2 2 9
//matrice GHSERp pour ferrite
//temperature i[Fe/Ni] j[C/Va] l[l'ordre] valeur
0 0 0 0 -96.4143
0 0 0 1 0
0 0 0 2 3.6e10
0 0 0 3 -7.929e8
0 0 0 4 7765159
0 0 0 5 271170.377  
0 0 0 6 711.991
0 0 0 7 -0.00581442
0 0 0 8 -5.8927e-8
1 0 0 0 -118.9
1 0 0 1 2.29603e31
1 0 0 2 3.6e10
1 0 0 3 -7.929e8
1 0 0 4 7687800
1 0 0 5 244561.096
1 0 0 6 887.16955
1 0 0 7 -14.169e-4
1 0 0 8 0
2 0 0 0 -118.9
2 0 0 1 2.29603e31
2 0 0 2 3.6e10
2 0 0 3 -7.929e8
2 0 0 4 7687800
2 0 0 5 244561.096
2 0 0 6 887.16955
2 0 0 7 -14.169e-4
2 0 0 8 0
3 0 0 0 -118.9
3 0 0 1 2.29603e31
3 0 0 2 3.6e10
3 0 0 3 -7.929e8
3 0 0 4 7687800
3 0 0 5 244561.096
3 0 0 6 887.16955
3 0 0 7 -14.169e-4
3 0 0 8 0
4 0 0 0 -118.9
4 0 0 1 2.29603e31
4 0 0 2 3.6e10
4 0 0 3 -7.929e8
4 0 0 4 7687800
4 0 0 5 244561.096
4 0 0 6 887.16955
4 0 0 7 -14.169e-4
4 0 0 8 0
0 0 1 0 -23.5143
0 0 1 1 0
0 0 1 2 0
0 0 1 3 0
0 0 1 4 77359
0 0 1 5 1225.7
0 0 1 6 124.134
0 0 1 7 -0.00439752
0 0 1 8 -5.8927e-8
1 0 1 0 -46
1 0 1 1 2.29603e31
1 0 1 2 0
1 0 1 3 0
1 0 1 4 0
1 0 1 5 -25383.581
1 0 1 6 299.31255
1 0 1 7 0
1 0 1 8 0
2 0 1 0 -46
2 0 1 1 2.29603e31
2 0 1 2 0
2 0 1 3 0
2 0 1 4 0
2 0 1 5 -25383.581
2 0 1 6 299.31255
2 0 1 7 0
2 0 1 8 0
3 0 1 0 -46
3 0 1 1 2.29603e31
3 0 1 2 0
3 0 1 3 0
3 0 1 4 0
3 0 1 5 -25383.581
3 0 1 6 299.31255
3 0 1 7 0
3 0 1 8 0
4 0 1 0 -46
4 0 1 1 2.29603e31
4 0 1 2 0
4 0 1 3 0
4 0 1 4 0
4 0 1 5 -25383.581
4 0 1 6 299.31255
4 0 1 7 0
4 0 1 8 0
0 1 1 0 -22.096 
0 1 1 1 0
0 1 1 2 0
0 1 1 3 0
0 1 1 4 0
0 1 1 5 3535.925
0 1 1 6 114.298
0 1 1 7 -0.0048407
0 1 1 8 0
1 1 1 0 -43.1 
1 1 1 1 1.12754e31
1 1 1 2 0
1 1 1 3 0
1 1 1 4 0
1 1 1 5 -19125.571
1 1 1 6 275.579
1 1 1 7 0
1 1 1 8 0
2 1 1 0 -43.1 
2 1 1 1 1.12754e31
2 1 1 2 0
2 1 1 3 0
2 1 1 4 0
2 1 1 5 -19125.571
2 1 1 6 275.579
2 1 1 7 0
2 1 1 8 0
3 1 1 0 0 
3 1 1 1 0
3 1 1 2 0
3 1 1 3 0
3 1 1 4 0
3 1 1 5 8715.084
3 1 1 6 -3.556
3 1 1 7 0
3 1 1 8 0
4 1 1 0 0 
4 1 1 1 0
4 1 1 2 0
4 1 1 3 0
4 1 1 4 0
4 1 1 5 8715.084
4 1 1 6 -3.556
4 1 1 7 0
4 1 1 8 0
0 1 0 0 -94.996
0 1 0 1 0
0 1 0 2 3.6e10
0 1 0 3 -7.929e8
0 1 0 4 7687800
0 1 0 5 342715.518
0 1 0 6 530.044
0 1 0 7 -0.00626
0 1 0 8 0
1 1 0 0 -116
1 1 0 1 1.12754e31
1 1 0 2 3.6e10
1 1 0 3 -7.929e8
1 1 0 4 7687800
1 1 0 5 320054.022
1 1 0 6 691.325
1 1 0 7 -14.169e-4
1 1 0 8 0
2 1 0 0 -116
2 1 0 1 1.12754e31
2 1 0 2 3.6e10
2 1 0 3 -7.929e8
2 1 0 4 7687800
2 1 0 5 320054.022
2 1 0 6 691.325
2 1 0 7 -14.169e-4
2 1 0 8 0
3 1 0 0 -24.3
3 1 0 1 0
3 1 0 2 1.2e10
3 1 0 3 -2.643e8
3 1 0 4 2562600
3 1 0 5 382631.559
3 1 0 6 70.729
3 1 0 7 -4.723e-4
3 1 0 8 0
4 1 0 0 -24.3
4 1 0 1 0
4 1 0 2 1.2e10
4 1 0 3 -2.643e8
4 1 0 4 2562600
4 1 0 5 382631.559
4 1 0 6 70.729
4 1 0 7 -4.723e-4
4 1 0 8 0
//l'ordre pour L1power
0 1
//Taille pour L1
5 1 2 2 3 3
//matrice L1 pour ferrite (Fe-Ni-C/Va)
//temperature i[Fe/Ni] j[C] k[Va] l[l'ordre] m[l'ordre pour polynom] valeur
0 0 1 1 0 1 -956.63
0 0 1 1 0 2 -1.28726
0 0 1 1 1 1 1789.03
0 0 1 1 1 2 -1.92912 
1 0 1 1 0 1 -956.63
1 0 1 1 0 2 -1.28726
1 0 1 1 1 1 1789.03
1 0 1 1 1 2 -1.92912
2 0 1 1 0 1 -956.63
2 0 1 1 0 2 -1.28726
2 0 1 1 1 1 1789.03
2 0 1 1 1 2 -1.92912
3 0 1 1 0 1 -956.63
3 0 1 1 0 2 -1.28726
3 0 1 1 1 1 1789.03
3 0 1 1 1 2 -1.92912
4 0 1 1 0 1 -956.63
4 0 1 1 0 2 -1.28726
4 0 1 1 1 1 1789.03
4 0 1 1 1 2 -1.92912
0 0 1 0 0 1 -956.63
0 0 1 0 0 2 -1.28726
0 0 1 0 1 1 1789.03
0 0 1 0 1 2 -1.92912
1 0 1 0 0 1 -956.63
1 0 1 0 0 2 -1.28726
1 0 1 0 1 1 1789.03
1 0 1 0 1 2 -1.92912
2 0 1 0 0 1 -956.63
2 0 1 0 0 2 -1.28726
2 0 1 0 1 1 1789.03
2 0 1 0 1 2 -1.92912
3 0 1 0 0 1 -956.63
3 0 1 0 0 2 -1.28726
3 0 1 0 1 1 1789.03
3 0 1 0 1 2 -1.92912
4 0 1 0 0 1 -956.63
4 0 1 0 0 2 -1.28726
4 0 1 0 1 1 1789.03
4 0 1 0 1 2 -1.92912
//l'ordre pour L2power
0 1  
//Taille pour L2
5 1 2 2 1 3
//matrice L2 pour ferrite (C-Va-Fe/Ni)
//temperature i[C/Va] j[Fe] k[Cr] l[l'ordre] m[l'ordre pour polynom] valeur
0 0 1 0 0 2 -190
1 0 1 0 0 2 -190
2 0 1 0 0 2 -190
3 0 1 0 0 2 -190
4 0 1 0 0 2 -190
//l'ordre pour L3power
0 0
//Taille pour L3ini
5 1 1 1 1 1 1
//matrice L3ini pour ferrite (Fe-Ni-?-C/Va)
0 0 0 0 0 0 0 0
//l'ordre pour L0power
0
//Taille pour L0
5 1 1 1 1 1 1
//matrice L0 pour ferrite (Fe-Ni-C-Va)
//temperature i[Fe] j[Cr] k[C] l[Va] m[l'ordre] n[l'ordre pour polynom] valeur
0 0 0 0 0 0 0 0
//l'ordre pour TCpower
0
//Taille pour TC
5 2 2 2
//matrice TC pour ferrite
//temperature i[Fe/Ni] j[C/Va] l[l'ordre] valeur
0 0 0 1 1043
1 0 0 1 1043
2 0 0 1 1043
3 0 0 1 1043
4 0 0 1 1043
0 0 1 1 1043
1 0 1 1 1043
2 0 1 1 1043
3 0 0 1 1043
4 0 0 1 1043
0 1 0 1 575
1 1 0 1 575
2 1 0 1 575
3 1 0 1 575
4 1 0 1 575
0 1 1 1 575
1 1 1 1 575
2 1 1 1 575
3 1 1 1 575
4 1 1 1 575
//l'ordre pour TC1power
0
//Taille pour TC1
5 1 2 2 2 2
//matrice TC1 pour ferrite (Fe-Ni-C/Va)
//temperature i[Fe] j[Cr] k[C/Va] l[l'ordre] m[l'ordre pour polynom] valeur
0 0 0 0 0 0 0
//l'ordre pour BMAGpower
0
//Taille pour BMAG
5 2 2 2
//matrice BMAG pour ferrite
//temperature i[Fe/Ni] j[C/Va] l[ordre] valeur
0 0 0 1 2.22
1 0 0 1 2.22
2 0 0 1 2.22
3 0 0 1 2.22
4 0 0 1 2.22
0 0 1 1 2.22
1 0 1 1 2.22
2 0 1 1 2.22
3 0 1 1 2.22
4 0 1 1 2.22
0 1 1 1 0.85 
1 1 1 1 0.85
2 1 1 1 0.85
3 1 1 1 0.85
4 1 1 1 0.85
0 1 0 1 0.85
1 1 0 1 0.85
2 1 0 1 0.85
3 1 0 1 0.85
4 1 0 1 0.85
//l'ordre pour BMAG1power
0
//Taille pour BMAG1
5 1 2 2 4 2
//matrice BMAG1 pour ferrite (Fe-Ni-C/Va)
//teperature i[Fe] j[Ni] k[C/Va] l[l'ordre] m[l'ordre pour polynom] valeur
0 0 0 0 0 0 0
//parametre p
0.4 1.
//taille coefficiente pre-exponantial
3
//coeff D0
0 2.2e-4
1 1.54e-4
2 16.e-5
//taille Q
3
//coeff Q
0 1.225e5
1 2.886e5
2 2.4e5