//Taille
2
//parametre de taille
0 1
1 3
//l'intervalle de la temperature pour ferrite
298.15 1519.00 1811.00 2000.00 6000.00
//ordre pour Gpower
-9 -3 -2 -1 0 1 2 3
//Taille pour GHSERp
5 2 2 9
//matrice GHSERp pour ferrite
//temperature i[Fe/Cr] j[C/Va] l[l'ordre] valeur
0 1 0 0 -96.3582
0 1 0 1 0
0 1 0 2 3.599e10
0 1 0 3 -7.9289e8
0 1 0 4 7756727
0 1 0 5 -50220.603
0 1 0 6 672.249
0 1 0 7 -0.00876459
0 1 0 8 0
1 1 0 0 -120.9
1 1 0 1 1.656847e30
1 1 0 2 3.6e10
1 1 0 3 -7.929e8
1 1 0 4 7687800
1 1 0 5 -70838.733
1 1 0 6 854.45479
1 1 0 7 -14.169e-4
1 1 0 8 0
2 1 0 0 -120.9
2 1 0 1 1.656847e30
2 1 0 2 3.6e10
2 1 0 3 -7.929e8
2 1 0 4 7687800
2 1 0 5 -70838.733
2 1 0 6 854.45479
2 1 0 7 -14.169e-4
2 1 0 8 0
3 1 0 0 -72.9
3 1 0 1 0
3 1 0 2 3.6e10
3 1 0 3 -7.9289e8
3 1 0 4 7687800.
3 1 0 5 -42105.323
3 1 0 6 542.19
3 1 0 7 -14.169e-4
3 1 0 8 0
4 1 0 0 -72.9
4 1 0 1 0
4 1 0 2 3.6e10
4 1 0 3 -7.9289e8
4 1 0 4 7687800.
4 1 0 5 -42105.323
4 1 0 6 542.19
4 1 0 7 -14.169e-4
4 1 0 8 0
0 1 1 0 -23.7
0 1 1 1 0
0 1 1 2 0
0 1 1 3 0
0 1 1 4 60000.
0 1 1 5 -3235.3
0 1 1 6 127.85
0 1 1 7 -0.00744271
0 1 1 8 0
1 1 1 0 -48.
1 1 1 1 1.265152e30
1 1 1 2 0
1 1 1 3 0
1 1 1 4 0
1 1 1 5 -23188.83
1 1 1 6 307.7043
1 1 1 7 0
1 1 1 8 0
2 1 1 0 -48.
2 1 1 1 1.265152e30
2 1 1 2 0
2 1 1 3 0
2 1 1 4 0
2 1 1 5 -23188.83
2 1 1 6 307.7043
2 1 1 7 0
2 1 1 8 0
3 1 1 0 0
3 1 1 1 0
3 1 1 2 0
3 1 1 3 0
3 1 1 4 0
3 1 1 5 0
3 1 1 6 0
3 1 1 7 0
3 1 1 8 0
4 1 1 0 0
4 1 1 1 0
4 1 1 2 0
4 1 1 3 0
4 1 1 4 0
4 1 1 5 0
4 1 1 6 0
4 1 1 7 0
4 1 1 8 0
0 0 0 0 -96.4143
0 0 0 1 0
0 0 0 2 3.6e10
0 0 0 3 -7.929e8
0 0 0 4 7765159
0 0 0 5 271170.377  
0 0 0 6 711.991
0 0 0 7 -0.00581442
0 0 0 8 -5.8927e-8
1 0 0 0 -96.4143
1 0 0 1 0
1 0 0 2 3.6e10
1 0 0 3 -7.929e8
1 0 0 4 7765159
1 0 0 5 271170.377  
1 0 0 6 711.991
1 0 0 7 -0.00581442
1 0 0 8 -5.8927e-8
2 0 0 0 -118.9
2 0 0 1 2.29603e31
2 0 0 2 3.6e10
2 0 0 3 -7.929e8
2 0 0 4 7687800
2 0 0 5 244561.096
2 0 0 6 887.16955
2 0 0 7 -14.169e-4
2 0 0 8 0
3 0 0 0 -118.9
3 0 0 1 2.29603e31
3 0 0 2 3.6e10
3 0 0 3 -7.929e8
3 0 0 4 7687800
3 0 0 5 244561.096
3 0 0 6 887.16955
3 0 0 7 -14.169e-4
3 0 0 8 0
4 0 0 0 -118.9
4 0 0 1 2.29603e31
4 0 0 2 3.6e10
4 0 0 3 -7.929e8
4 0 0 4 7687800
4 0 0 5 244561.096
4 0 0 6 887.16955
4 0 0 7 -14.169e-4
4 0 0 8 0
0 0 1 0 -23.5143
0 0 1 1 0
0 0 1 2 0
0 0 1 3 0
0 0 1 4 77359
0 0 1 5 1225.7
0 0 1 6 124.134
0 0 1 7 -0.00439752
0 0 1 8 -5.8927e-8
1 0 1 0 -23.5143
1 0 1 1 0
1 0 1 2 0
1 0 1 3 0
1 0 1 4 77359
1 0 1 5 1225.7
1 0 1 6 124.134
1 0 1 7 -0.00439752
1 0 1 8 -5.8927e-8
2 0 1 0 -46
2 0 1 1 2.29603e31
2 0 1 2 0
2 0 1 3 0
2 0 1 4 0
2 0 1 5 -25383.581
2 0 1 6 299.31255
2 0 1 7 0
2 0 1 8 0
3 0 1 0 -46
3 0 1 1 2.29603e31
3 0 1 2 0
3 0 1 3 0
3 0 1 4 0
3 0 1 5 -25383.581
3 0 1 6 299.31255
3 0 1 7 0
3 0 1 8 0
4 0 1 0 -46
4 0 1 1 2.29603e31
4 0 1 2 0
4 0 1 3 0
4 0 1 4 0
4 0 1 5 -25383.581
4 0 1 6 299.31255
4 0 1 7 0
4 0 1 8 0
//l'ordre pour L1power
0 1
//Taille pour L1
5 1 2 2 2 3
//matrice L1 pour ferrite (Fe-Cr-C/Va)
//temperature i[Fe/Cr] j[C] k[Va] l[l'ordre] m[l'ordre pour polynom] valeur
0 0 1 1 0 1 -2759
0 0 1 1 0 2 1.237
1 0 1 1 0 1 -2759
1 0 1 1 0 2 1.237
2 0 1 1 0 1 -2759
2 0 1 1 0 2 1.237
3 0 1 1 0 1 -2759
3 0 1 1 0 2 1.237
4 0 1 1 0 1 -2759
4 0 1 1 0 2 1.237
0 0 1 0 0 1 34052
0 0 1 0 0 2 -23.467
1 0 1 0 0 1 34052
1 0 1 0 0 2 -23.467
2 0 1 0 0 1 34052
2 0 1 0 0 2 -23.467
3 0 1 0 0 1 34052
3 0 1 0 0 2 -23.467
4 0 1 0 0 1 34052
4 0 1 0 0 2 -23.467
//l'ordre pour L2power
0 1  
//Taille pour L2
5 1 2 1 1 3
//matrice L2 pour ferrite (C-Va-Fe/Cr)
//temperature i[C/Va] j[Fe] k[Cr] l[l'ordre] m[l'ordre pour polynom] valeur
0 0 1 0 0 2 -190
1 0 1 0 0 2 -190
2 0 1 0 0 2 -190
3 0 1 0 0 2 -190
4 0 1 0 0 2 -190
//l'ordre pour L3power
0 0
//Taille pour L3ini
5 1 1 1 1 1 1
//matrice L3ini pour ferrite (?-?-?-C/Va)
0 0 0 0 0 0 0 0
//l'ordre pour L0power
0
//Taille pour L0
5 1 1 1 1 1 1
//matrice L0 pour ferrite (Fe-Cr-C-Va)
//temperature i[Fe] j[Cr] k[C] l[Va] m[l'ordre] n[l'ordre pour polynom] valeur
0 0 0 0 0 0 0 0
//l'ordre pour TCpower
0
//Taille pour TC
5 2 2 2
//matrice TC pour ferrite
//temperature i[Fe/Cr] j[C/Va] l[l'ordre] valeur
0 0 0 1 1043
1 0 0 1 1043
2 0 0 1 1043
3 0 0 1 1043
4 0 0 1 1043
0 0 1 1 1043
1 0 1 1 1043
2 0 1 1 1043
3 0 1 1 1043
4 0 1 1 1043
0 1 1 1 -580
1 1 1 1 -580
2 1 1 1 -580
3 1 1 1 -580
4 1 1 1 -580
//l'ordre pour TC1power
0
//Taille pour TC1
5 1 2 2 2 2
//matrice TC1 pour ferrite (Fe-Cr-C/Va)
//temperature i[Fe] j[Cr] k[C/Va] l[l'ordre] m[l'ordre pour polynom] valeur
0 0 1 1 0 1 123
1 0 1 1 0 1 123
2 0 1 1 0 1 123
3 0 1 1 0 1 123
4 0 1 1 0 1 123
//l'ordre pour BMAGpower
0
//Taille pour BMAG
5 2 2 2
//matrice BMAG pour ferrite
//temperature i[Fe/Cr] j[C/Va] l[ordre] valeur
0 0 0 1 2.22
1 0 0 1 2.22
2 0 0 1 2.22
3 0 0 1 2.22
4 0 0 1 2.22
0 0 1 1 2.22
1 0 1 1 2.22
2 0 1 1 2.22
3 0 1 1 2.22
4 0 1 1 2.22
0 1 1 1 -0.27
1 1 1 1 -0.27
2 1 1 1 -0.27
3 1 1 1 -0.27
4 1 1 1 -0.27
//l'ordre pour BMAG1power
0
//Taille pour BMAG1
5 1 1 1 1 1
//matrice BMAG1 pour ferrite (Fe-Cr-C/Va)
//teperature i[Fe] j[Cr] k[C/Va] l[l'ordre] m[l'ordre pour polynom] valeur
0 0 0 0 0 0 0
//parametre p
0.4 1.
//taille coefficiente pre-exponantial
3
//coeff D0
0 2e-5
1 1.27e-1
2 16.e-5
//taille Q
3
//coeff Q
0 84.018e3
1 279.08e3
2 2.4e5