//Taille
2
//parametre de taille
0 1
1 1
//l'intervalle de la temperature pour cémentite
298.15 1519.00 1811.00 2000.00 6000.
//l'ordre pour Gpower
-9 -3 -2 -1 0 1 2 3
//Taille pour GHSERp
5 2 2 9
//matrice GHSERp pour ferrite
//t i j l valeur
0 1 0 0 -47.76
0 1 0 1 0
0 1 0 2 1.2e10
0 1 0 3 -2.643e8
0 1 0 4 2632427
0 1 0 5 -24981.721
0 1 0 6 316.049
0 1 0 7 -0.00781998
0 1 0 8 0
1 1 0 0 -72.29
1 1 0 1 1.656847e30
1 1 0 2 1.2e10
1 1 0 3 -2.643e8
1 1 0 4 2562600.
1 1 0 5 -45599.851
1 1 0 6 498.256
1 1 0 7 -4.723e-4
1 1 0 8 0
2 1 0 0 -72.29
2 1 0 1 1.656847e30
2 1 0 2 1.2e10
2 1 0 3 -2.643e8
2 1 0 4 2562600.
2 1 0 5 -45599.851
2 1 0 6 498.256
2 1 0 7 -4.723e-4
2 1 0 8 0
3 1 0 0 -24.3
3 1 0 1 0
3 1 0 2 1.2e10
3 1 0 3 -2.643e8
3 1 0 4 2562600.
3 1 0 5 -16866.441
3 1 0 6 185.991
3 1 0 7 -4.723e-4
3 1 0 8 0
4 1 0 0 -24.3
4 1 0 1 0
4 1 0 2 1.2e10
4 1 0 3 -2.643e8
4 1 0 4 2562600.
4 1 0 5 -16866.441
4 1 0 6 185.991
4 1 0 7 -4.723e-4
4 1 0 8 0
0 1 1 0 -24.5177
0 1 1 1 0
0 1 1 2 0
0 1 1 3 0
0 1 1 4 69600.
0 1 1 5 -3439.3
0 1 1 6 131.884
0 1 1 7 -0.006
0 1 1 8 0
1 1 1 0 -48.
1 1 1 1 3.86196e30
1 1 1 2 0
1 1 1 3 0
1 1 1 4 0
1 1 1 5 -26070.1
1 1 1 6 309.6664
1 1 1 7 0
1 1 1 8 0
2 1 1 0 -48.
2 1 1 1 3.86196e30
2 1 1 2 0
2 1 1 3 0
2 1 1 4 0
2 1 1 5 -26070.1
2 1 1 6 309.6664
2 1 1 7 0
2 1 1 8 0
3 1 1 0 0
3 1 1 1 0
3 1 1 2 0
3 1 1 3 0
3 1 1 4 0
3 1 1 5 0
3 1 1 6 0
3 1 1 7 0
3 1 1 8 0
4 1 1 0 0
4 1 1 1 0
4 1 1 2 0
4 1 1 3 0
4 1 1 4 0
4 1 1 5 0
4 1 1 6 0
4 1 1 7 0
4 1 1 8 0
0 0 0 0 -48.9643
0 0 0 1 0
0 0 0 2 1.2e10
0 0 0 3 -2.643e8
0 0 0 4 2639959
0 0 0 5 59601.856
0 0 0 6 287.269
0 0 0 7 -0.00422982
0 0 0 8 -5.8927e-8
1 0 0 0 -48.9643
1 0 0 1 0
1 0 0 2 1.2e10
1 0 0 3 -2.643e8
1 0 0 4 2639959
1 0 0 5 59601.856
1 0 0 6 287.269
1 0 0 7 -0.00422982
1 0 0 8 -5.8927e-8
2 0 0 0 -70.3
2 0 0 1 2.78854e31
2 0 0 2 1.2e10
2 0 0 3 -2.643e8
2 0 0 4 2562600
2 0 0 5 32740.293
2 0 0 6 455.10556
2 0 0 7 -4.723e-4
2 0 0 8 0
3 0 0 0 -70.3
3 0 0 1 2.78854e31
3 0 0 2 1.2e10
3 0 0 3 -2.643e8
3 0 0 4 2562600
3 0 0 5 32740.293
3 0 0 6 455.10556
3 0 0 7 -4.723e-4
3 0 0 8 0
4 0 0 0 -70.3
4 0 0 1 2.78854e31
4 0 0 2 1.2e10
4 0 0 3 -2.643e8
4 0 0 4 2562600
4 0 0 5 32740.293
4 0 0 6 455.10556
4 0 0 7 -4.723e-4
4 0 0 8 0
0 0 1 0 -24.6643
0 0 1 1 0
0 0 1 2 0
0 0 1 3 0
0 0 1 4 77359
0 0 1 5 -236.7
0 0 1 6 132.416
0 0 1 7 -0.00375752
0 0 1 8 -5.8927e-8
1 0 1 0 -24.6643
1 0 1 1 0
1 0 1 2 0
1 0 1 3 0
1 0 1 4 77359
1 0 1 5 -236.7
1 0 1 6 132.416
1 0 1 7 -0.00375752
1 0 1 8 -5.8927e-8
2 0 1 0 -46
2 0 1 1 2.78854e31
2 0 1 2 0
2 0 1 3 0
2 0 1 4 0
2 0 1 5 -27098.266
2 0 1 6 300.25256 
2 0 1 7 0 
2 0 1 8 0 
3 0 1 0 -46
3 0 1 1 2.78854e31
3 0 1 2 0
3 0 1 3 0
3 0 1 4 0
3 0 1 5 -27098.266
3 0 1 6 300.25256 
3 0 1 7 0 
3 0 1 8 0 
4 0 1 0 -46
4 0 1 1 2.78854e31
4 0 1 2 0
4 0 1 3 0
4 0 1 4 0
4 0 1 5 -27098.266
4 0 1 6 300.25256 
4 0 1 7 0 
4 0 1 8 0 
//l'ordre pour L1power
0 1
//Taille pour L1
5 1 2 2 2 3
//matrice L1 pour ferrite (Fe-Cr-C/Va)
//t i j k l m valeur
0 0 1 1 0 1 -7762
0 0 1 1 0 2 3.865
1 0 1 1 0 1 -7762
1 0 1 1 0 2 3.865
2 0 1 1 0 1 -7762
2 0 1 1 0 2 3.865
3 0 1 1 0 1 -7762
3 0 1 1 0 2 3.865
4 0 1 1 0 1 -7762
4 0 1 1 0 2 3.865
0 0 1 1 1 1 -259
2 0 1 1 1 1 -259
3 0 1 1 1 1 -259
4 0 1 1 1 1 -259
0 0 1 0 0 1 34052
0 0 1 0 0 2 -23.467
1 0 1 0 0 1 34052
1 0 1 0 0 2 -23.467
2 0 1 0 0 1 34052
2 0 1 0 0 2 -23.467
3 0 1 0 0 1 34052
3 0 1 0 0 2 -23.467
4 0 1 0 0 1 34052
4 0 1 0 0 2 -23.467
//l'ordre pour L2power
0 1  
//Taille pour L2
5 1 2 2 1 3
//matrice L2 pour cementite (C-Va-Fe/Cr)
0 0 1 0 0 1 -34671
1 0 1 0 0 1 -34671
2 0 1 0 0 1 -34671
3 0 1 0 0 1 -34671
4 0 1 0 0 1 -34671
0 0 1 1 0 1 -43433
1 0 1 1 0 1 -43433
2 0 1 1 0 1 -43433
3 0 1 1 0 1 -43433
4 0 1 1 0 1 -43433
//l'ordre pour L3power
0 0
//Taille pour L3ini
5 1 1 1 1 1 1
//matrice L3ini pour (?-?-?-C/Va)
0 0 0 0 0 0 0 0
//l'ordre pour L0power
0
//Taille pour L0
5 1 1 1 1 1 1
//matrice L0 pour ferrite (Fe-Cr-C-Va)
0 0 0 0 0 0 0 0
//l'ordre pour TCpower
0
//Taille pour TC
5 2 2 2
//matrice TC pour cementite
//t i j l valeur
0 0 0 1 -201
1 0 0 1 -201
2 0 0 1 -201
3 0 0 1 -201
4 0 0 1 -201
0 0 1 1 -201
1 0 1 1 -201
2 0 1 1 -201
3 0 1 1 -201
4 0 1 1 -201
0 1 1 1 -1620
1 1 1 1 -1620
2 1 1 1 -1620
3 1 1 1 -1620
4 1 1 1 -1620
//l'ordre pour TC1power
0
//Taille pour TC1
5 1 2 2 2 2
//matrice TC1 pour cementite (Fe-Cr-C/Va)
//t i j k l m valeur
0 0 1 1 0 1 -2282
0 0 1 1 1 1 -2068
1 0 1 1 0 1 -2282
1 0 1 1 1 1 -2068
2 0 1 1 0 1 -2282
2 0 1 1 1 1 -2068
3 0 1 1 0 1 -2282
3 0 1 1 1 1 -2068
4 0 1 1 0 1 -2282
4 0 1 1 1 1 -2068
//l'ordre pour BMAGpower
0
//Taille pour BMAG
5 2 2 2
//matrice BMAG pour cementite
//t i j l valeur
0 0 0 1 -2.1
1 0 0 1 -2.1
2 0 0 1 -2.1
3 0 0 1 -2.1
4 0 0 1 -2.1
0 0 1 1 -2.1
1 0 1 1 -2.1
2 0 1 1 -2.1
3 0 1 1 -2.1
4 0 1 1 -2.1
0 1 1 1 -1.86
1 1 1 1 -1.86
2 1 1 1 -1.86
3 1 1 1 -1.86
4 1 1 1 -1.86
//l'ordre pour BMAG1power
0
//Taille pour BMAG1
5 1 1 1 1 1
//matrice BMAG1 pour cementite (Fe-Cr-C/Va)
//t i j k l m valeur
0 0 0 0 0 0 0
//parametre p
0.28 3.
//taille coefficiente pre-exponantial
3
//coeff D0
0 2.5e-5
1 1.6e-5
2 7.e-5
//taille Q
3
//coeff Q
0 144.21e3
1 261.25e3
2 2.86e5