//Taille
2
//parametre de taille
0 1
1 1
//l'intervalle de la temperature pour cémentite
298.15 1728.00 1811.00 3000.00 6000.
//l'ordre pour Gpower
-9 -3 -2 -1 0 1 2 3
//Taille pour GHSERp
5 2 2 9
//matrice GHSERp pour ferrite
//t i j l valeur
0 0 1 0 -24.664
0 0 1 1 0
0 0 1 2 0
0 0 1 3 0
0 0 1 4 77359.
0 0 1 5 -236.7
0 0 1 6 132.416
0 0 1 7 -0.00375752
0 0 1 8 -5.8927e-8
1 0 1 0 -24.664
1 0 1 1 0
1 0 1 2 0
1 0 1 3 0
1 0 1 4 77359.
1 0 1 5 -236.7
1 0 1 6 132.416
1 0 1 7 -0.00375752
1 0 1 8 -5.8927e-8
2 0 1 0 -46.
2 0 1 1 2.78854e31
2 0 1 2 0
2 0 1 3 0
2 0 1 4 0
2 0 1 5 -27098.266
2 0 1 6 300.25256
2 0 1 7 0
2 0 1 8 0
3 0 1 0 -46.
3 0 1 1 2.78854e31
3 0 1 2 0
3 0 1 3 0
3 0 1 4 0
3 0 1 5 -27098.266
3 0 1 6 300.25256
3 0 1 7 0
3 0 1 8 0
4 0 1 0 -46.
4 0 1 1 2.78854e31
4 0 1 2 0
4 0 1 3 0
4 0 1 4 0
4 0 1 5 -27098.266
4 0 1 6 300.25256
4 0 1 7 0
4 0 1 8 0
0 1 1 0 -22.096
0 1 1 1 0
0 1 1 2 0
0 1 1 3 0
0 1 1 4 0
0 1 1 5 -5179.159
0 1 1 6 117.854
0 1 1 7 -0.0048407
0 1 1 8 0
1 1 1 0 -43.1
1 1 1 1 1.12754e31
1 1 1 2 0
1 1 1 3 0
1 1 1 4 0
1 1 1 5 -27840.655
1 1 1 6 279.135
1 1 1 7 0
1 1 1 8 0
2 1 1 0 -43.1
2 1 1 1 1.12754e31
2 1 1 2 0
2 1 1 3 0
2 1 1 4 0
2 1 1 5 -27840.655
2 1 1 6 279.135
2 1 1 7 0
2 1 1 8 0
3 1 1 0 -43.1
3 1 1 1 1.12754e31
3 1 1 2 0
3 1 1 3 0
3 1 1 4 0
3 1 1 5 -27840.655
3 1 1 6 279.135
3 1 1 7 0
3 1 1 8 0
4 1 1 0 0
4 1 1 1 0
4 1 1 2 0
4 1 1 3 0
4 1 1 4 0
4 1 1 5 0
4 1 1 6 0
4 1 1 7 0
4 1 1 8 0
//l'ordre pour L1power
0 1
//Taille pour L1
5 1 2 2 3 3
//matrice L1 pour ferrite (Fe-Cr-C/Va)
//t i j k l m valeur
0 0 1 1 0 1 -12054.355
0 0 1 1 0 2 3.27413
1 0 1 1 0 1 -12054.355
1 0 1 1 0 2 3.27413
2 0 1 1 0 1 -12054.355
2 0 1 1 0 2 3.27413
3 0 1 1 0 1 -12054.355
3 0 1 1 0 2 3.27413
4 0 1 1 0 1 -12054.355
4 0 1 1 0 2 3.27413
0 0 1 1 1 1 11082.1315
0 0 1 1 1 2 -4.45077
1 0 1 1 1 1 11082.1315
1 0 1 1 1 2 -4.45077
2 0 1 1 1 1 11082.1315
2 0 1 1 1 2 -4.45077
3 0 1 1 1 1 11082.1315
3 0 1 1 1 2 -4.45077
4 0 1 1 1 1 11082.1315
4 0 1 1 1 2 -4.45077
0 0 1 1 2 1 -725.805174
1 0 1 1 2 1 -725.805174
2 0 1 1 2 1 -725.805174
3 0 1 1 2 1 -725.805174
4 0 1 1 2 1 -725.805174
//l'ordre pour L2power
0 0  
//Taille pour L2
5 1 1 1 1 1
//matrice L2 pour cementite (C-Va-Fe/Cr)
0 0 0 0 0 0 0
//l'ordre pour L3power
0 0
//Taille pour L3ini
5 1 1 1 1 1 1
//matrice L3ini pour (?-?-?-C/Va)
0 0 0 0 0 0 0 0
//l'ordre pour L0power
0
//Taille pour L0
5 1 1 1 1 1 1
//matrice L0 pour ferrite (Fe-Cr-C-Va)
0 0 0 0 0 0 0 0
//l'ordre pour TCpower
0
//Taille pour TC
5 2 2 2
//matrice TC pour cementite
//t i j l valeur
0 0 1 1 -201.
1 0 1 1 -201.
2 0 1 1 -201.
3 0 1 1 -201.
4 0 1 1 -201.
0 1 1 1 633.
1 1 1 1 633.
2 1 1 1 633.
3 1 1 1 633.
4 1 1 1 633.
//l'ordre pour TC1power
0
//Taille pour TC1
5 1 2 2 2 2
//matrice TC1 pour cementite (Fe-Cr-C/Va)
//t i j k l m valeur
0 0 1 1 0 1 2133.
0 0 1 1 1 1 -682.
1 0 1 1 0 1 2133.
1 0 1 1 1 1 -682.
2 0 1 1 0 1 2133.
2 0 1 1 1 1 -682.
3 0 1 1 0 1 2133.
3 0 1 1 1 1 -682.
4 0 1 1 0 1 2133.
4 0 1 1 1 1 -682.
//l'ordre pour BMAGpower
0
//Taille pour BMAG
5 2 2 2
//matrice BMAG pour cementite
//t i j l valeur
0 0 1 1 -2.1
1 0 1 1 -2.1
2 0 1 1 -2.1
3 0 1 1 -2.1
4 0 1 1 -2.1
0 1 1 1 0.52
1 1 1 1 0.52
2 1 1 1 0.52
3 1 1 1 0.52
4 1 1 1 0.52
//l'ordre pour BMAG1power
0
//Taille pour BMAG1
5 1 2 2 4 2
//matrice BMAG1 pour cementite (Fe-Cr-C/Va)
//t i j k l m valeur
0 0 1 1 0 1 9.55
0 0 1 1 1 1 7.23
0 0 1 1 2 1 5.93
0 0 1 1 3 1 6.18
1 0 1 1 0 1 9.55
1 0 1 1 1 1 7.23
1 0 1 1 2 1 5.93
1 0 1 1 3 1 6.18
2 0 1 1 0 1 9.55
2 0 1 1 1 1 7.23
2 0 1 1 2 1 5.93
2 0 1 1 3 1 6.18
3 0 1 1 0 1 9.55
3 0 1 1 1 1 7.23
3 0 1 1 2 1 5.93
3 0 1 1 3 1 6.18
4 0 1 1 0 1 9.55
4 0 1 1 1 1 7.23
4 0 1 1 2 1 5.93
4 0 1 1 3 1 6.18
//parametre p
0.28 3.
//taille coefficiente pre-exponantial
1
//coeff D0
0 1.5e-5
//taille Q
1
//coeff Q
0 1.421e5