//Taille
2
//parametre de taille
0 1
1 1
//l'intervalle de la temperature pour cémentite
298.15 1768.00 1811.00 2180.00 2896. 5000. 6000.00
//l'ordre pour Gpower
-9 -3 -2 -1 0 1 2 3 4
//Taille pour GHSERp
7 4 2 10
//matrice GHSERp pour ferrite
//t i j l valeur
0 3 1 0 -25.0861
0 3 1 1 0
0 3 1 2 0
0 3 1 3 0
0 3 1 4 72527
0 3 1 5 737.832
0 3 1 6 132.75076
0 3 1 7 -0.002654739
0 3 1 8 -1.7348e-7
0 3 1 9 0
1 3 1 0 -40.5
1 3 1 1 9.3488e30
1 3 1 2 0
1 3 1 3 0
1 3 1 4 0
1 3 1 5 -16770.075
1 3 1 6 252.6685
1 3 1 7 0
1 3 1 8 0
1 3 1 9 0
2 3 1 0 -40.5
2 3 1 1 9.3488e30
2 3 1 2 0
2 3 1 3 0
2 3 1 4 0
2 3 1 5 -16770.075
2 3 1 6 252.6685
2 3 1 7 0
2 3 1 8 0
2 3 1 9 0
3 3 1 0 -40.5
3 3 1 1 9.3488e30
3 3 1 2 0
3 3 1 3 0
3 3 1 4 0
3 3 1 5 -16770.075
3 3 1 6 252.6685
3 3 1 7 0
3 3 1 8 0
3 3 1 9 0
4 3 1 0 -40.5
4 3 1 1 9.3488e30
4 3 1 2 0
4 3 1 3 0
4 3 1 4 0
4 3 1 5 -16770.075
4 3 1 6 252.6685
4 3 1 7 0
4 3 1 8 0
4 3 1 9 0
5 3 1 0 -40.5
5 3 1 1 9.3488e30
5 3 1 2 0
5 3 1 3 0
5 3 1 4 0
5 3 1 5 -16770.075
5 3 1 6 252.6685
5 3 1 7 0
5 3 1 8 0
5 3 1 9 0
6 3 1 0 -40.5
6 3 1 1 9.3488e30
6 3 1 2 0
6 3 1 3 0
6 3 1 4 0
6 3 1 5 -16770.075
6 3 1 6 252.6685
6 3 1 7 0
6 3 1 8 0
6 3 1 9 0
0 3 0 0 -49.3861
0 3 0 1 0
0 3 0 2 1.2e10
0 3 0 3 -2.643e8
0 3 0 4 2635127
0 3 0 5 33405.6
0 3 0 6 297.247
0 3 0 7 -0.00312704
0 3 0 8 -1.7348e-7
0 3 0 9 0
1 3 0 0 -64.799
1 3 0 1 9.3488e30
1 3 0 2 1.2e10
1 3 0 3 -2.643e8
1 3 0 4 2562600
1 3 0 5 15897.693
1 3 0 6 417.165
1 3 0 7 -4.723e-4
1 3 0 8 0
1 3 0 9 0
2 3 0 0 -64.799
2 3 0 1 9.3488e30
2 3 0 2 1.2e10
2 3 0 3 -2.643e8
2 3 0 4 2562600
2 3 0 5 15897.693
2 3 0 6 417.165
2 3 0 7 -4.723e-4
2 3 0 8 0
2 3 0 9 0
3 3 0 0 -64.799
3 3 0 1 9.3488e30
3 3 0 2 1.2e10
3 3 0 3 -2.643e8
3 3 0 4 2562600
3 3 0 5 15897.693
3 3 0 6 417.165
3 3 0 7 -4.723e-4
3 3 0 8 0
3 3 0 9 0
4 3 0 0 -64.799
4 3 0 1 9.3488e30
4 3 0 2 1.2e10
4 3 0 3 -2.643e8
4 3 0 4 2562600
4 3 0 5 15897.693
4 3 0 6 417.165
4 3 0 7 -4.723e-4
4 3 0 8 0
4 3 0 9 0
5 3 0 0 -64.799
5 3 0 1 9.3488e30
5 3 0 2 1.2e10
5 3 0 3 -2.643e8
5 3 0 4 2562600
5 3 0 5 15897.693
5 3 0 6 417.165
5 3 0 7 -4.723e-4
5 3 0 8 0
5 3 0 9 0
6 3 0 0 -64.799
6 3 0 1 9.3488e30
6 3 0 2 1.2e10
6 3 0 3 -2.643e8
6 3 0 4 2562600
6 3 0 5 15897.693
6 3 0 6 417.165
6 3 0 7 -4.723e-4
6 3 0 8 0
6 3 0 9 0
0 0 0 0 -48.9643
0 0 0 1 0
0 0 0 2 1.2e10
0 0 0 3 -2.643e8
0 0 0 4 2639959
0 0 0 5 59601.856
0 0 0 6 287.269
0 0 0 7 -0.00422982
0 0 0 8 -5.8927e-8
0 0 0 9 0
1 0 0 0 -48.9643
1 0 0 1 0
1 0 0 2 1.2e10
1 0 0 3 -2.643e8
1 0 0 4 2639959
1 0 0 5 59601.856
1 0 0 6 287.269
1 0 0 7 -0.00422982
1 0 0 8 -5.8927e-8
1 0 0 9 0
2 0 0 0 -70.3
2 0 0 1 2.78854e31
2 0 0 2 1.2e10
2 0 0 3 -2.643e8
2 0 0 4 2562600
2 0 0 5 32740.293
2 0 0 6 455.10556
2 0 0 7 -4.723e-4
2 0 0 8 0
2 0 0 9 0
3 0 0 0 -70.3
3 0 0 1 2.78854e31
3 0 0 2 1.2e10
3 0 0 3 -2.643e8
3 0 0 4 2562600
3 0 0 5 32740.293
3 0 0 6 455.10556
3 0 0 7 -4.723e-4
3 0 0 8 0
3 0 0 9 0
4 0 0 0 -70.3
4 0 0 1 2.78854e31
4 0 0 2 1.2e10
4 0 0 3 -2.643e8
4 0 0 4 2562600
4 0 0 5 32740.293
4 0 0 6 455.10556
4 0 0 7 -4.723e-4
4 0 0 8 0
4 0 0 9 0
5 0 0 0 -70.3
5 0 0 1 2.78854e31
5 0 0 2 1.2e10
5 0 0 3 -2.643e8
5 0 0 4 2562600
5 0 0 5 32740.293
5 0 0 6 455.10556
5 0 0 7 -4.723e-4
5 0 0 8 0
5 0 0 9 0
6 0 0 0 -70.3
6 0 0 1 2.78854e31
6 0 0 2 1.2e10
6 0 0 3 -2.643e8
6 0 0 4 2562600
6 0 0 5 32740.293
6 0 0 6 455.10556
6 0 0 7 -4.723e-4
6 0 0 8 0
6 0 0 9 0
0 1 0 0 -51.208
0 1 0 1 0
0 1 0 2 1.2e10
0 1 0 3 -2.643e8
0 1 0 4 2701850   
0 1 0 5 -25025.381
0 1 0 6 326.27
0 1 0 7 0.00142205
0 1 0 8 -1.47721e-6
0 1 0 9 0
1 1 0 0 -51.208
1 1 0 1 0
1 1 0 2 1.2e10
1 1 0 3 -2.643e8
1 1 0 4 2701850   
1 1 0 5 -25025.381
1 1 0 6 326.27
1 1 0 7 0.00142205
1 1 0 8 -1.47721e-6
1 1 0 9 0
2 1 0 0 -51.208
2 1 0 1 0
2 1 0 2 1.2e10
2 1 0 3 -2.643e8
2 1 0 4 2701850   
2 1 0 5 -25025.381
2 1 0 6 326.27
2 1 0 7 0.00142205
2 1 0 8 -1.47721e-6
2 1 0 9 0
3 1 0 0 -74.3
3 1 0 1 -2.88526
3 1 0 2 1.2e10
3 1 0 3 -2.643e8
3 1 0 4 2562600
3 1 0 5 -51037.785
3 1 0 6 512.97
3 1 0 7 -4.723e-4
3 1 0 8 0
3 1 0 9 0
4 1 0 0 -74.3
4 1 0 1 -2.88526
4 1 0 2 1.2e10
4 1 0 3 -2.643e8
4 1 0 4 2562600
4 1 0 5 -51037.785
4 1 0 6 512.97
4 1 0 7 -4.723e-4
4 1 0 8 0
4 1 0 9 0
5 1 0 0 -74.3
5 1 0 1 -2.88526
5 1 0 2 1.2e10
5 1 0 3 -2.643e8
5 1 0 4 2562600
5 1 0 5 -51037.785
5 1 0 6 512.97
5 1 0 7 -4.723e-4
5 1 0 8 0
5 1 0 9 0
6 1 0 0 -74.3
6 1 0 1 -2.88526
6 1 0 2 1.2e10
6 1 0 3 -2.643e8
6 1 0 4 2562600
6 1 0 5 -51037.785
6 1 0 6 512.97
6 1 0 7 -4.723e-4
6 1 0 8 0
6 1 0 9 0
0 2 0 0 -47.864139999
0 2 0 1 0
0 2 0 2 1.2e10
0 2 0 3 -2.643e8
0 2 0 4 1878412
0 2 0 5 -32614.742999
0 2 0 6 294.34969999
0 2 0 7 -0.003915695999
0 2 0 8 5.66283e-7
0 2 0 9 -1.30927e-10
1 2 0 0 -47.864139999
1 2 0 1 0
1 2 0 2 1.2e10
1 2 0 3 -2.643e8
1 2 0 4 1878412
1 2 0 5 -32614.742999
1 2 0 6 294.34969999
1 2 0 7 -0.003915695999
1 2 0 8 5.66283e-7
1 2 0 9 -1.30927e-10
2 2 0 0 -47.864139999
2 2 0 1 0
2 2 0 2 1.2e10
2 2 0 3 -2.643e8
2 2 0 4 1878412
2 2 0 5 -32614.742999
2 2 0 6 294.34969999
2 2 0 7 -0.003915695999
2 2 0 8 5.66283e-7
2 2 0 9 -1.30927e-10
3 2 0 0 -47.864139999
3 2 0 1 0
3 2 0 2 1.2e10
3 2 0 3 -2.643e8
3 2 0 4 1878412
3 2 0 5 -32614.742999
3 2 0 6 294.34969999
3 2 0 7 -0.003915695999
3 2 0 8 5.66283e-7
3 2 0 9 -1.30927e-10
4 2 0 0 -66.938289999
4 2 0 1 -4.849315e33
4 2 0 2 -1.2e10
4 2 0 3 0
4 2 0 4 1812600
4 2 0 5 -55424.851
4 2 0 6 445.98974599
4 2 0 7 -2643e5
4 2 0 8 0
4 2 0 9 0
5 2 0 0 -24.3
5 2 0 1 0
5 2 0 2 1.2e10
5 2 0 3 -2.643e8
5 2 0 4 1812600
5 2 0 5 -24868.440999
5 2 0 6 162.429999
5 2 0 7 -4.723e-4
5 2 0 8 0
5 2 0 9 0
6 2 0 0 -24.3
6 2 0 1 0
6 2 0 2 1.2e10
6 2 0 3 -2.643e8
6 2 0 4 1812600
6 2 0 5 -24868.440999
6 2 0 6 162.429999
6 2 0 7 -4.723e-4
6 2 0 8 0
6 2 0 9 0
0 0 1 0 -24.6643
0 0 1 1 0
0 0 1 2 0
0 0 1 3 0
0 0 1 4 77359
0 0 1 5 -236.7
0 0 1 6 132.416
0 0 1 7 -0.00375752
0 0 1 8 -5.8927e-8
0 0 1 9 0
1 0 1 0 -24.6643
1 0 1 1 0
1 0 1 2 0
1 0 1 3 0
1 0 1 4 77359
1 0 1 5 -236.7
1 0 1 6 132.416
1 0 1 7 -0.00375752
1 0 1 8 -5.8927e-8
1 0 1 9 0
2 0 1 0 -46
2 0 1 1 2.78854e31
2 0 1 2 0
2 0 1 3 0
2 0 1 4 0
2 0 1 5 -27098.266
2 0 1 6 300.25256 
2 0 1 7 0 
2 0 1 8 0 
2 0 1 9 0
3 0 1 0 -46
3 0 1 1 2.78854e31
3 0 1 2 0
3 0 1 3 0
3 0 1 4 0
3 0 1 5 -27098.266
3 0 1 6 300.25256 
3 0 1 7 0 
3 0 1 8 0 
3 0 1 9 0
4 0 1 0 -46
4 0 1 1 2.78854e31
4 0 1 2 0
4 0 1 3 0
4 0 1 4 0
4 0 1 5 -27098.266
4 0 1 6 300.25256 
4 0 1 7 0 
4 0 1 8 0 
4 0 1 9 0 
5 0 1 0 -46
5 0 1 1 2.78854e31
5 0 1 2 0
5 0 1 3 0
5 0 1 4 0
5 0 1 5 -27098.266
5 0 1 6 300.25256 
5 0 1 7 0 
5 0 1 8 0 
5 0 1 9 0 
6 0 1 0 -46
6 0 1 1 2.78854e31
6 0 1 2 0
6 0 1 3 0
6 0 1 4 0
6 0 1 5 -27098.266
6 0 1 6 300.25256 
6 0 1 7 0 
6 0 1 8 0 
6 0 1 9 0 
0 1 1 0 -26.908
0 1 1 1 0
0 1 1 2 0
0 1 1 3 0
0 1 1 4 139250
0 1 1 5 -1572.94
0 1 1 6 157.643
0 1 1 7 0.00189435
0 1 1 8 -1.47721e-6
0 1 1 9 0
1 1 1 0 -26.908
1 1 1 1 0
1 1 1 2 0
1 1 1 3 0
1 1 1 4 139250
1 1 1 5 -1572.94
1 1 1 6 157.643
1 1 1 7 0.00189435
1 1 1 8 -1.47721e-6
1 1 1 9 0
2 1 1 0 -26.908
2 1 1 1 0
2 1 1 2 0
2 1 1 3 0
2 1 1 4 139250
2 1 1 5 -1572.94
2 1 1 6 157.643
2 1 1 7 0.00189435
2 1 1 8 -1.47721e-6
2 1 1 9 0
3 1 1 0 -50
3 1 1 1 -2.88526e32
3 1 1 2 0 
3 1 1 3 0
3 1 1 4 0
3 1 1 5 -27585.344 
3 1 1 6 344.343
3 1 1 7 0
3 1 1 8 0
3 1 1 9 0
4 1 1 0 -50
4 1 1 1 -2.88526e32
4 1 1 2 0 
4 1 1 3 0
4 1 1 4 0
4 1 1 5 -27585.344 
4 1 1 6 344.343
4 1 1 7 0
4 1 1 8 0
4 1 1 9 0
5 1 1 0 -50
5 1 1 1 -2.88526e32
5 1 1 2 0 
5 1 1 3 0
5 1 1 4 0
5 1 1 5 -27585.344 
5 1 1 6 344.343
5 1 1 7 0
5 1 1 8 0
5 1 1 9 0
6 1 1 0 -50
6 1 1 1 -2.88526e32
6 1 1 2 0 
6 1 1 3 0
6 1 1 4 0
6 1 1 5 -27585.344 
6 1 1 6 344.343
6 1 1 7 0
6 1 1 8 0
6 1 1 9 0
0 2 1 0 -23.56414
0 2 1 1 0
0 2 1 2 0
0 2 1 3 0
0 2 1 4 65812
0 2 1 5 7453.698
0 2 1 6 132.5497
0 2 1 7 -0.003443396
0 2 1 8 5.66283e-7
0 2 1 9 -1.30927e-10
1 2 1 0 -23.56414
1 2 1 1 0
1 2 1 2 0
1 2 1 3 0
1 2 1 4 65812
1 2 1 5 7453.698
1 2 1 6 132.5497
1 2 1 7 -0.003443396
1 2 1 8 5.66283e-7
1 2 1 9 -1.30927e-10
2 2 1 0 -23.56414
2 2 1 1 0
2 2 1 2 0
2 2 1 3 0
2 2 1 4 65812
2 2 1 5 7453.698
2 2 1 6 132.5497
2 2 1 7 -0.003443396
2 2 1 8 5.66283e-7
2 2 1 9 -1.30927e-10
3 2 1 0 -23.56414
3 2 1 1 0
3 2 1 2 0
3 2 1 3 0
3 2 1 4 65812
3 2 1 5 7453.698
3 2 1 6 132.5497
3 2 1 7 -0.003443396
3 2 1 8 5.66283e-7
3 2 1 9 -1.30927e-10
4 2 1 0 -42.63829
4 2 1 1 -4.849315e33
4 2 1 2 0
4 2 1 3 0
4 2 1 4 0
4 2 1 5 -15356.41
4 2 1 6 284.189746
4 2 1 7 0
4 2 1 8 0
4 2 1 9 0
5 2 1 0 -42.63829
5 2 1 1 -4.849315e33
5 2 1 2 0
5 2 1 3 0
5 2 1 4 0
5 2 1 5 -15356.41
5 2 1 6 284.189746
5 2 1 7 0
5 2 1 8 0
5 2 1 9 0
6 2 1 0 0
6 2 1 1 0
6 2 1 2 0
6 2 1 3 0
6 2 1 4 0
6 2 1 5 0
6 2 1 6 0
6 2 1 7 0
6 2 1 8 0
6 2 1 9 0
//l'ordre pour L1power
0 1
//Taille pour L1
7 4 3 2 3 3
//matrice L1 pour ferrite (Fe-Cr-Mo-Co-C/Va)
//t i j k l m valeur
0 3 1 1 0 1 2085
0 3 1 1 0 2 -11.876
1 3 1 1 0 1 2085
1 3 1 1 0 2 -11.876
2 3 1 1 0 1 2085
2 3 1 1 0 2 -11.876
3 3 1 1 0 1 2085
3 3 1 1 0 2 -11.876
4 3 1 1 0 1 2085
4 3 1 1 0 2 -11.876
5 3 1 1 0 1 2085
5 3 1 1 0 2 -11.876
6 3 1 1 0 1 2085
6 3 1 1 0 2 -11.876
0 3 0 1 0 1 -8471
0 3 0 1 1 1 1181
0 3 0 1 1 2 -1.6544
1 3 0 1 0 1 -8471
1 3 0 1 1 1 1181
1 3 0 1 1 2 -1.6544
2 3 0 1 0 1 -8471
2 3 0 1 1 1 1181
2 3 0 1 1 2 -1.6544
3 3 0 1 0 1 -8471
3 3 0 1 1 1 1181
3 3 0 1 1 2 -1.6544
4 3 0 1 0 1 -8471
4 3 0 1 1 1 1181
4 3 0 1 1 2 -1.6544
5 3 0 1 0 1 -8471
5 3 0 1 1 1 1181
5 3 0 1 1 2 -1.6544
6 3 0 1 0 1 -8471
6 3 0 1 1 1 1181
6 3 0 1 1 2 -1.6544
0 3 2 1 0 1 -6900
1 3 2 1 0 1 -6900
2 3 2 1 0 1 -6900
3 3 2 1 0 1 -6900
4 3 2 1 0 1 -6900
5 3 2 1 0 1 -6900
6 3 2 1 0 1 -6900
0 3 2 1 2 1 2500
1 3 2 1 2 1 2500
2 3 2 1 2 1 2500
3 3 2 1 2 1 2500
4 3 2 1 2 1 2500
5 3 2 1 2 1 2500
6 3 2 1 2 1 2500
0 3 1 0 0 1 2085
0 3 1 0 0 2 -11.876
1 3 1 0 0 1 2085
1 3 1 0 0 2 -11.876
2 3 1 0 0 1 2085
2 3 1 0 0 2 -11.876
3 3 1 0 0 1 2085
3 3 1 0 0 2 -11.876
4 3 1 0 0 1 2085
4 3 1 0 0 2 -11.876
5 3 1 0 0 1 2085
5 3 1 0 0 2 -11.876
6 3 1 0 0 1 2085
6 3 1 0 0 2 -11.876
0 3 0 0 0 1 313
1 3 0 0 0 1 313
2 3 0 0 0 1 313
3 3 0 0 0 1 313
4 3 0 0 0 1 313
5 3 0 0 0 1 313
6 3 0 0 0 1 313
0 3 0 0 1 1 -1063
1 3 0 0 1 1 -1063
2 3 0 0 1 1 -1063
3 3 0 0 1 1 -1063
4 3 0 0 1 1 -1063
5 3 0 0 1 1 -1063
6 3 0 0 1 1 -1063
0 0 1 0 0 1 -74319
0 0 1 0 0 2 3.2353
1 0 1 0 0 1 -74319
1 0 1 0 0 2 3.2353
2 0 1 0 0 1 -74319
2 0 1 0 0 2 3.2353
3 0 1 0 0 1 -74319
3 0 1 0 0 2 3.2353
4 0 1 0 0 1 -74319
4 0 1 0 0 2 3.2353
5 0 1 0 0 1 -74319
5 0 1 0 0 2 3.2353
6 0 1 0 0 1 -74319
6 0 1 0 0 2 3.2353
0 0 1 1 0 1 10833
0 0 1 1 0 2 -7.477
0 0 1 1 1 1 1410
1 0 1 1 0 1 10833
1 0 1 1 0 2 -7.477
1 0 1 1 1 1 1410
2 0 1 1 0 1 10833
2 0 1 1 0 2 -7.477
2 0 1 1 1 1 1410
3 0 1 1 0 1 10833
3 0 1 1 0 2 -7.477
3 0 1 1 1 1 1410 
4 0 1 1 0 1 10833
4 0 1 1 0 2 -7.477
4 0 1 1 1 1 1410
5 0 1 1 0 1 10833
5 0 1 1 0 2 -7.477
5 0 1 1 1 1 1410
6 0 1 1 0 1 10833
6 0 1 1 0 2 -7.477
6 0 1 1 1 1 1410
0 0 2 1 0 1 28347
0 0 2 1 0 2 -17.691
1 0 2 1 0 1 28347
1 0 2 1 0 2 -17.691
2 0 2 1 0 1 28347
2 0 2 1 0 2 -17.691
3 0 2 1 0 1 28347
3 0 2 1 0 2 -17.691
4 0 2 1 0 1 28347
4 0 2 1 0 2 -17.691
5 0 2 1 0 1 28347
5 0 2 1 0 2 -17.691
6 0 2 1 0 1 28347
6 0 2 1 0 2 -17.691
0 0 2 0 0 1 6000
1 0 2 0 0 1 6000
2 0 2 0 0 1 6000
3 0 2 0 0 1 6000
4 0 2 0 0 1 6000
5 0 2 0 0 1 6000
6 0 2 0 0 1 6000
0 1 2 1 0 1 28890
0 1 2 1 0 2 -7.962
0 1 2 1 1 1 5974
0 1 2 1 1 2 -2.428
1 1 2 1 0 1 28890
1 1 2 1 0 2 -7.962
1 1 2 1 1 1 5974
1 1 2 1 1 2 -2.428
2 1 2 1 0 1 28890
2 1 2 1 0 2 -7.962
2 1 2 1 1 1 5974
2 1 2 1 1 2 -2.428
3 1 2 1 0 1 28890
3 1 2 1 0 2 -7.962
3 1 2 1 1 1 5974
3 1 2 1 1 2 -2.428
4 1 2 1 0 1 28890
4 1 2 1 0 2 -7.962
4 1 2 1 1 1 5974
4 1 2 1 1 2 -2.428
5 1 2 1 0 1 28890
5 1 2 1 0 2 -7.962
5 1 2 1 1 1 5974
5 1 2 1 1 2 -2.428
6 1 2 1 0 1 28890
6 1 2 1 0 2 -7.962
6 1 2 1 1 1 5974
6 1 2 1 1 2 -2.428
0 1 2 0 0 1 -10240
0 1 2 0 0 2 17.65
1 1 2 0 0 1 -10240
1 1 2 0 0 2 17.65
2 1 2 0 0 1 -10240
2 1 2 0 0 2 17.65
3 1 2 0 0 1 -10240
3 1 2 0 0 2 17.65
4 1 2 0 0 1 -10240
4 1 2 0 0 2 17.65
5 1 2 0 0 1 -10240
5 1 2 0 0 2 17.65
6 1 2 0 0 1 -10240
6 1 2 0 0 2 17.65
//l'ordre pour L2power
0 1  
//Taille pour L2
7 1 2 4 1 3
//matrice L2 pour cementite (C-Va-Fe/Cr/Mo)
0 0 1 0 0 1 -34671
1 0 1 0 0 1 -34671
2 0 1 0 0 1 -34671
3 0 1 0 0 1 -34671
4 0 1 0 0 1 -34671
5 0 1 0 0 1 -34671
6 0 1 0 0 1 -34671
0 0 1 1 0 1 -11977
0 0 1 1 0 2 6.8194
1 0 1 1 0 1 -11977
1 0 1 1 0 2 6.8194
2 0 1 1 0 1 -11977
2 0 1 1 0 2 6.8194
3 0 1 1 0 1 -11977
3 0 1 1 0 2 6.8194
4 0 1 1 0 1 -11977
4 0 1 1 0 2 6.8194
5 0 1 1 0 1 -11977
5 0 1 1 0 2 6.8194
6 0 1 1 0 1 -11977
6 0 1 1 0 2 6.8194
0 0 1 2 0 1 -41300
1 0 1 2 0 1 -41300
2 0 1 2 0 1 -41300
3 0 1 2 0 1 -41300
4 0 1 2 0 1 -41300
5 0 1 2 0 1 -41300
6 0 1 2 0 1 -41300
//l'ordre pour L3power
0 1
//Taille pour L3ini
7 4 2 3 2 1 2
//matrice L3ini pour (?-?-?-C/Va)
0 3 1 2 1 0 1 -10000
1 3 1 2 1 0 1 -10000
2 3 1 2 1 0 1 -10000
3 3 1 2 1 0 1 -10000
4 3 1 2 1 0 1 -10000
5 3 1 2 1 0 1 -10000
6 3 1 2 1 0 1 -10000
//l'ordre pour L0power
0
//Taille pour L0
7 1 1 1 1 1 1
//matrice L0 pour ferrite (Fe-Cr-C-Va)
0 0 0 0 0 0 0 0
//l'ordre pour TCpower
0
//Taille pour TC
7 4 2 2
//matrice TC pour cementite
//t i j l valeur
0 0 0 1 -201
1 0 0 1 -201
2 0 0 1 -201
3 0 0 1 -201
4 0 0 1 -201
5 0 0 1 -201
6 0 0 1 -201
0 0 1 1 -201
1 0 1 1 -201
2 0 1 1 -201
3 0 1 1 -201
4 0 1 1 -201
5 0 1 1 -201`
6 0 1 1 -201
0 1 1 1 -1109
1 1 1 1 -1109
2 1 1 1 -1109
3 1 1 1 -1109
4 1 1 1 -1109
5 1 1 1 -1109
6 1 1 1 -1109
0 3 1 1 1396
1 3 1 1 1396
2 3 1 1 1396
3 3 1 1 1396
4 3 1 1 1396
5 3 1 1 1396
6 3 1 1 1396
//l'ordre pour TC1power
0
//Taille pour TC1
7 4 3 2 2 2
//matrice TC1 pour cementite (Fe-Cr-C/Va)
//t i j k l m valeur
0 3 1 1 0 1 -1795
1 3 1 1 0 1 -1795
2 3 1 1 0 1 -1795
3 3 1 1 0 1 -1795
4 3 1 1 0 1 -1795
5 3 1 1 0 1 -1795
6 3 1 1 0 1 -1795
0 3 0 1 0 1 283
1 3 0 1 0 1 283
2 3 0 1 0 1 283
3 3 0 1 0 1 283
4 3 0 1 0 1 283
5 3 0 1 0 1 283
6 3 0 1 0 1 283
0 3 0 1 1 1 879
1 3 0 1 1 1 879
2 3 0 1 1 1 879
3 3 0 1 1 1 879
4 3 0 1 1 1 879
5 3 0 1 1 1 879
6 3 0 1 1 1 879
//l'ordre pour BMAGpower
0
//Taille pour BMAG
7 4 2 2
//matrice BMAG pour cementite
//t i j l valeur
0 0 0 1 -2.1
1 0 0 1 -2.1
2 0 0 1 -2.1
3 0 0 1 -2.1
4 0 0 1 -2.1
5 0 0 1 -2.1
6 0 0 1 -2.1
0 0 1 1 -2.1
1 0 1 1 -2.1
2 0 1 1 -2.1
3 0 1 1 -2.1
4 0 1 1 -2.1
5 0 1 1 -2.1
6 0 1 1 -2.1
0 1 1 1 -2.46
1 1 1 1 -2.46
2 1 1 1 -2.46
3 1 1 1 -2.46
4 1 1 1 -2.46
5 1 1 1 -2.46
6 1 1 1 -2.46
0 3 1 1 1.35
1 3 1 1 1.35
2 3 1 1 1.35
3 3 1 1 1.35
4 3 1 1 1.35
5 3 1 1 1.35
6 3 1 1 1.35
//l'ordre pour BMAG1power
0
//Taille pour BMAG1
7 4 2 2 2 2
//matrice BMAG1 pour cementite (Fe-Cr-C/Va)
//t i j k l m valeur
0 3 0 1 0 1 9.74
1 3 0 1 0 1 9.74
2 3 0 1 0 1 9.74
3 3 0 1 0 1 9.74
4 3 0 1 0 1 9.74
5 3 0 1 0 1 9.74
6 3 0 1 0 1 9.74
0 3 0 1 1 1 -3.516
1 3 0 1 1 1 -3.516
2 3 0 1 1 1 -3.516
3 3 0 1 1 1 -3.516
4 3 0 1 1 1 -3.516
5 3 0 1 1 1 -3.516
6 3 0 1 1 1 -3.516
//parametre p
0.28 3.